12,6
12,5
12,4
12,3
12,2
12,1
12,0
11,4
11,3
11,2
11,1
11,0
10,3
10,2
10,1
10,0
8,5
8,4
8,3
8,2
8,1
8,0
7,5
7,4
7,3
7,2
7,1
7,0
4,3
4,2
4,1
4,0
3,6
3,5
3,4
3,3
3,2
3,1
3,0
2,67
2,66
2,65
2,64
2,35
2,34
2,33
2,32
2,31
2,30
2,29
2,28
2,27
2,26
2,25
2,24
2,23
2,22
2,21
2,20
2,19
2,18
2,17
2,16
2,15
2,14
2,13
2,12
2,11
2,10
2,9
2,8
2,7
2,6
2,5
2,4
2,3
2,2
2,1
2,0
1,5
1,4
1,3
1,2
1,1
1,0
0,464
0,463
0,462
0,460
0,458
0,457
0,456
0,453
0,452
0,451
0,450
0,448
0,447
0,446
0,441
0,437
0,432
0,415
0,407
0,393
0,351
0,324
0,243
0,9
0,0
0,1
0,459
0,358
0,445
0,455
0,300
0,401
0,299
0,400
0,298
0,399
0,297
0,398
0,296
0,397
0,295
0,294
0,396
0,293
0,395
0,292
0,394
0,291
0,392
0,290
0,443
0,289
0,391
0,288
0,390
0,287
0,389
0,286
0,388
0,285
0,387
0,284
0,386
0,283
0,385
0,282
0,384
0,281
0,383
0,280
0,382
0,279
0,442
0,278
0,381
0,277
0,380
0,276
0,379
0,275
0,378
0,274
0,435
0,273
0,377
0,272
0,376
0,271
12,7
12,8
13,0
13,1
13,3
16,0
16,2
17,0
17,1
17,3
17,4
18,0
18,2
18,3
18,5
18,6
18,8
18,9
18,11
18,13
18,14
18,16
18,17
18,19
18,21
18,22
18,24
18,25
18,27
18,28
18,30
18,32
18,33
18,35
18,36
18,38
18,40
18,41
18,43
18,44
18,46
18,47
18,49
18,51
18,52
18,54
18,55
18,57
18,59
18,60
18,62
18,63
18,65
18,67
18,68
18,70
18,71
18,73
18,74
18,76
18,78
18,79
18,81
18,82
18,84
18,86
18,87
18,89
18,90
18,92
18,93
18,95
18,97
18,98
18,100
18,101
18,103
18,105
18,106
18,129
18,130
18,132
18,133
19,1
19,3
19,4
19,6
19,7
19,9
20,1
20,2
20,4
20,5
21,1
21,3
21,4
22,0
22,1
22,3
22,4
22,6
22,9
22,10
22,12
23,0
23,2
23,4
23,5
24,1
24,2
24,4
24,5
25,1
25,3
25,4
26,0
26,1
26,3
26,5
26,6
27,0
27,1
27,3
27,4
28,0
28,2
28,3
29,0
29,1
29,3
29,5
30,0
30,2
30,3
30,5
31,0
31,2
31,4
31,5
32,1
32,2
32,4
33,1
33,2
33,4
33,5
34,1
34,3
34,4
35,0
35,1
35,3
35,4
36,1
36,3
36,4
37,0
37,1
37,3
37,5
38,0
38,2
38,3
38,5
39,0
39,2
39,4
40,0
40,2
40,3
40,5
41,1
41,2
41,4
42,0
42,2
42,3
42,5
42,7
43,0
43,2
43,3
43,5
44,1
44,2
44,4
44,5
45,1
45,3
45,4
45,6
45,7
46,1
46,2
46,4
46,6
47,0
47,2
47,3
47,5
47,7
48,0
48,2
48,3
48,5
48,6
48,8
49,1
49,2
49,4
49,5
50,0
50,2
50,3
50,5
50,6
51,1
51,2
51,4
52,0
52,1
52,3
52,4
53,1
53,3
53,4
54,0
54,1
54,3
54,4
54,6
55,0
55,1
55,3
55,4
56,0
56,2
56,3
57,0
57,1
57,3
57,5
58,0
58,2
58,3
58,5
59,0
59,2
59,4
59,5
59,7
60,0
60,2
60,4
60,5
61,1
61,2
61,4
62,0
62,2
62,4
63,0
63,2
63,3
64,0
64,2
64,3
64,5
65,0
65,2
65,3
66,0
66,2
66,3
67,0
67,1
67,3
68,0
68,1
68,3
68,4
69,1
69,3
69,4
70,0
70,1
70,3
70,4
71,0
71,2
71,3
71,5
72,0
72,2
72,4
72,5
73,1
73,2
73,4
74,0
74,2
74,4
74,5
75,1
75,2
75,4
75,6
75,7
76,1
76,2
76,4
77,0
77,2
77,4
77,5
78,1
78,2
78,4
79,0
79,1
79,3
79,4
80,0
80,2
80,3
80,5
81,0
81,2
81,3
82,0
82,2
82,3
82,5
83,0
83,2
83,4
83,5
84,1
84,2
84,4
85,0
85,2
85,4
86,0
86,2
86,3
86,5
87,1
87,2
87,4
88,0
88,2
88,3
88,5
88,7
88,8
89,1
89,2
89,4
90,0
90,1
90,3
90,4
91,0
91,1
91,3
92,0
92,1
92,3
92,4
93,0
93,2
93,3
93,5
94,0
94,2
94,4
95,0
95,2
95,3
95,5
95,6
95,8
96,0
96,1
96,3
96,4
97,0
97,2
97,3
98,0
98,1
98,3
98,4
98,6
99,1
99,2
99,4
99,5
100,1
100,3
100,4
101,0
101,1
101,3
101,4
102,0
102,2
102,3
102,5
102,6
103,1
103,3
103,4
104,1
104,2
104,4
105,0
105,1
105,3
105,4
106,1
106,2
106,4
107,0
107,1
107,3
107,4
108,1
108,3
108,4
109,1
109,2
109,4
109,5
110,1
110,3
110,4
111,0
111,1
111,3
111,5
112,0
112,2
112,3
112,5
113,0
113,2
113,4
113,5
114,1
114,2
114,4
115,0
115,1
115,3
115,4
116,0
116,1
116,3
116,5
117,0
117,2
117,3
118,0
118,2
118,3
118,5
119,0
119,2
119,4
120,0
120,2
120,3
121,0
121,1
121,3
121,5
121,6
122,1
122,2
122,4
123,0
123,1
123,3
123,4
124,1
124,2
124,4
125,0
125,1
125,3
125,4
125,6
126,0
126,1
126,3
126,4
127,1
127,2
127,4
128,0
128,1
128,3
128,4
129,0
129,2
129,3
129,5
130,0
130,2
130,4
130,5
131,1
131,2
131,4
132,0
132,2
132,4
133,0
133,2
133,3
133,5
134,1
134,2
134,4
134,5
135,1
135,2
135,4
135,6
135,7
135,9
136,0
136,2
136,4
136,5
137,1
137,2
137,4
137,5
138,1
138,3
138,4
139,1
139,2
139,4
140,1
140,2
140,4
141,0
141,2
141,3
141,5
142,1
142,2
142,4
142,5
143,0
143,2
143,3
144,0
144,1
144,3
144,5
145,0
145,2
145,3
145,5
146,0
146,2
146,4
146,5
147,1
147,2
147,4
147,6
147,7
148,1
148,2
148,4
148,5
149,1
149,3
149,4
150,0
150,1
150,3
151,0
151,1
151,3
151,4
152,0
152,1
152,3
152,5
153,0
153,2
153,3
153,5
153,7
154,0
154,2
154,3
154,5
155,1
155,2
155,4
155,5
156,1
156,2
156,4
157,1
157,2
157,4
157,5
157,7
158,0
158,1
158,3
158,4
159,0
159,1
159,3
160,0
160,1
160,3
160,4
161,1
161,3
161,4
162,0
162,1
162,3
162,4
162,6
162,8
163,0
163,2
163,3
163,5
164,1
164,2
164,4
164,5
165,1
165,3
165,4
166,0
166,1
166,3
166,4
167,0
167,2
167,3
168,0
168,1
168,3
168,5
169,0
169,2
169,3
170,0
170,1
170,3
171,0
171,1
171,3
171,4
172,0
172,2
172,3
173,0
173,1
173,3
173,4
174,0
174,2
174,3
175,0
175,1
175,3
176,0
176,1
176,3
176,4
177,0
177,1
177,3
177,5
178,0
178,2
178,3
178,5
179,1
179,2
179,4
180,0
180,2
180,4
180,5
180,7
180,8
181,1
181,2
181,4
182,1
182,2
182,4
182,5
183,1
183,3
183,4
184,1
184,2
184,4
184,5
185,1
185,3
185,4
186,0
186,1
186,3
186,5
187,0
187,2
187,3
188,0
188,1
188,3
188,5
189,0
189,2
189,3
190,0
190,2
190,3
190,5
191,0
191,2
191,4
192,0
192,2
192,3
192,5
193,0
193,2
193,4
193,5
194,1
194,2
194,4
195,0
195,1
195,3
195,4
196,0
196,1
196,3
197,0
197,1
197,3
197,4
198,1
198,3
198,4
199,0
199,1
199,3
199,4
200,0
200,2
200,3
201,0
201,1
201,3
202,0
202,1
202,3
202,4
203,1
203,2
203,4
204,1
204,2
204,4
204,5
205,1
205,3
205,4
206,1
206,2
206,4
207,1
207,2
207,4
208,0
208,2
208,3
209,0
209,2
209,3
210,0
210,1
210,3
210,5
211,0
211,2
211,3
211,5
211,6
212,1
212,3
212,4
212,6
212,7
213,1
213,3
213,4
214,0
214,1
214,3
214,4
215,0
215,2
215,3
215,5
216,0
216,2
216,4
216,5
217,1
217,2
217,4
218,1
218,2
218,4
219,0
219,2
219,3
220,0
220,2
220,3
221,0
221,1
221,3
221,5
222,0
222,2
222,3
222,5
222,6
223,0
223,2
223,3
223,5
223,6
223,8
224,1
224,2
224,4
224,5
225,0
225,1
225,3
225,5
226,0
226,2
226,3
226,5
227,1
227,2
227,4
227,5
228,1
228,2
228,4
229,0
229,1
229,3
229,4
230,0
230,2
230,3
231,0
231,1
231,3
232,0
232,1
232,3
232,4
233,0
233,1
233,3
233,5
234,0
234,2
234,3
234,5
235,1
235,2
235,4
235,5
236,1
236,2
236,4
237,0
237,1
237,3
237,4
238,0
238,2
238,3
239,0
239,1
239,3
239,4
240,0
240,2
240,3
240,5
240,4
240,1
239,5
239,2
238,4
238,1
237,5
237,2
236,5
236,3
236,0
235,3
235,0
234,4
234,1
233,4
233,2
232,5
232,2
231,4
231,2
230,4
230,1
229,5
229,2
228,5
228,3
228,0
227,3
227,0
226,4
226,1
225,4
225,2
224,6
224,3
224,0
223,7
223,4
223,1
222,7
222,4
222,1
221,4
221,2
220,4
220,1
219,4
219,1
218,3
218,0
217,3
217,0
216,3
216,1
215,4
215,1
214,5
214,2
213,5
213,2
213,0
212,5
212,2
212,0
211,4
211,1
210,4
210,2
209,4
209,1
208,4
208,1
207,3
207,0
206,3
206,0
205,2
205,0
204,3
204,0
203,3
203,0
202,2
201,4
201,2
200,4
200,1
199,5
199,2
198,5
198,2
198,0
197,2
196,4
196,2
195,5
195,2
194,5
194,3
194,0
193,3
193,1
192,4
192,1
191,3
191,1
190,4
190,1
189,4
189,1
188,4
188,2
187,4
187,1
186,4
186,2
185,5
185,2
185,0
184,3
184,0
183,2
183,0
182,3
182,0
181,3
181,0
180,6
180,3
180,1
179,3
179,0
178,4
178,1
177,4
177,2
176,5
176,2
175,4
175,2
174,4
174,1
173,5
173,2
172,4
172,1
171,5
171,2
170,4
170,2
169,4
169,1
168,4
168,2
167,4
167,1
166,5
166,2
165,5
165,2
165,0
164,3
164,0
163,4
163,1
162,7
162,5
162,2
161,5
161,2
161,0
160,2
159,4
159,2
158,5
158,2
157,8
157,6
157,3
157,0
156,3
156,0
155,3
155,0
154,4
154,1
153,6
153,4
153,1
152,4
152,2
151,5
151,2
150,4
150,2
149,5
149,2
149,0
148,3
148,0
147,5
147,3
147,0
146,3
146,1
145,4
145,1
144,4
144,2
143,4
143,1
142,6
142,3
142,0
141,4
141,1
140,3
140,0
139,3
139,0
138,2
138,0
137,3
137,0
136,3
136,1
135,8
135,5
135,3
135,0
134,3
134,0
133,4
133,1
132,3
132,1
131,3
131,0
130,3
130,1
129,4
129,1
128,5
128,2
127,5
127,3
127,0
126,2
125,7
125,5
125,2
124,5
124,3
124,0
123,2
122,5
122,3
122,0
121,4
121,2
120,4
120,1
119,3
119,1
118,4
118,1
117,4
117,1
116,4
116,2
115,5
115,2
114,5
114,3
114,0
113,3
113,1
112,4
112,1
111,4
111,2
110,5
110,2
110,0
109,3
109,0
108,2
108,0
107,2
106,5
106,3
106,0
105,2
104,5
104,3
104,0
103,2
103,0
102,4
102,1
101,5
101,2
100,5
100,2
100,0
99,3
99,0
98,5
98,2
97,4
97,1
96,5
96,2
95,9
95,7
95,4
95,1
94,3
94,1
93,4
93,1
92,5
92,2
91,4
91,2
90,5
90,2
89,5
89,3
89,0
88,6
88,4
88,1
87,3
87,0
86,4
86,1
85,3
85,1
84,3
84,0
83,3
83,1
82,4
82,1
81,4
81,1
80,4
80,1
79,5
79,2
78,5
78,3
78,0
77,3
77,1
76,3
76,0
75,5
75,3
75,0
74,3
74,1
73,3
73,0
72,3
72,1
71,4
71,1
70,5
70,2
69,5
69,2
69,0
68,2
67,4
67,2
66,4
66,1
65,4
65,1
64,4
64,1
63,4
63,1
62,3
62,1
61,3
61,0
60,3
60,1
59,6
59,3
59,1
58,4
58,1
57,4
57,2
56,4
56,1
55,5
55,2
54,7
54,5
54,2
53,5
53,2
53,0
52,2
51,5
51,3
51,0
50,4
50,1
49,6
49,3
49,0
48,7
48,4
48,1
47,6
47,4
47,1
46,5
46,3
46,0
45,5
45,2
45,0
44,3
44,0
43,4
43,1
42,6
42,4
42,1
41,3
41,0
40,4
40,1
39,3
39,1
38,4
38,1
37,4
37,2
36,5
36,2
36,0
35,2
34,5
34,2
34,0
33,3
33,0
32,3
32,0
31,3
31,1
30,4
30,1
29,4
29,2
28,4
28,1
27,5
27,2
26,7
26,4
26,2
25,5
25,2
25,0
24,3
24,0
23,3
23,1
22,11
22,7
22,5
22,2
21,5
21,2
21,0
20,3
20,0
19,8
19,5
19,2
19,0
18,131
18,128
18,104
18,102
18,99
18,96
18,94
18,91
18,88
18,85
18,83
18,80
18,77
18,75
18,72
18,69
18,66
18,64
18,61
18,58
18,56
18,53
18,50
18,48
18,45
18,42
18,39
18,37
18,34
18,31
18,29
18,26
18,23
18,20
18,18
18,15
18,12
18,10
18,7
18,4
18,1
17,5
17,2
16,3
16,1
13,2
12,9
0,434
0,270
0,375
0,269
0,374
0,268
0,433
0,267
0,373
0,266
0,372
0,265
0,371
0,264
0,440
0,263
0,439
0,262
0,370
0,261
0,369
0,260
0,431
0,259
0,368
0,258
0,430
0,257
0,429
0,256
0,367
0,255
0,366
0,254
0,365
0,253
0,328
0,252
0,364
0,251
0,363
0,250
0,438
0,249
0,428
0,248
0,362
0,247
0,427
0,246
0,361
0,245
0,360
0,244
0,426
0,242
0,425
0,241
0,359
0,240
0,357
0,239
0,424
0,238
0,423
0,237
0,356
0,236
0,355
0,235
0,354
0,234
0,353
0,233
0,422
0,232
0,352
0,231
0,350
0,230
0,421
0,229
0,349
0,228
0,420
0,227
0,419
0,226
0,348
0,225
0,418
0,224
0,417
0,223
0,416
0,222
0,414
0,221
0,347
0,220
0,413
0,219
0,467
0,218
0,461
0,217
0,216
0,412
0,215
0,411
0,214
0,343
0,213
0,212
0,410
0,211
0,341
0,210
0,409
0,209
0,208
0,340
0,207
0,339
0,206
0,205
0,337
0,204
0,203
0,406
0,202
0,335
0,201
0,405
0,200
0,404
0,199
0,334
0,198
0,333
0,197
0,403
0,196
0,332
0,195
0,331
0,194
0,330
0,193
0,327
0,192
0,326
0,63
0,325
0,62
0,323
0,61
0,322
0,60
0,321
0,59
0,320
0,58
0,319
0,57
0,318
0,56
0,317
0,55
0,316
0,54
0,315
0,53
0,314
0,52
0,313
0,51
0,312
0,50
0,311
0,49
0,310
0,48
0,309
0,47
0,308
0,46
0,45
0,301
0,6
0,5
0,304
0,303
0,306
0,305
0,302
0,449
0,12
0,329
0,10
0,454
0,8
0,444
0,11
0,4
0,2
0,3
0,7
